    word	isolated_letter
    84.375    95.3125 
        75      82.81 
    85.94%     93.75% 
      65.6       73.4 
      62.5    76.5625 
    59.375     78.125 
     85.94      53.13 
      75.0       75.0 
      87.5    76.5625 
     68.75       75.0 
     56.25      68.75 
     60.93       87.5 
      75.0    57.8125 
     96.87    92.1875 
      76.5625         68.75 
     60.93      78.12 
   95.3125    89.0625 
   82.8125      93.75 
    78.125       75.0 
     64.12      81.25 
     71.87      54.69 
     70.31      81.25 
      75.0       85.9 
    46.875     46.875 
   95.3125       87.5 
     71.87      76.56 
   95.3125     90.625 
   67.1875     84.375 
     93.75       87.5 
      50.0    51.5625 
     54.6875          70.3125 
   48.4375    60.9375 
     75.00      75.00 
