      shoe     height    LDassoc     LDunas 
        12         72        532        445 
         7         63        449        484 
         8         63        521        580 
         7        164        481        516 
         8         64        876        904 
         7         64        462        513 
         8         64        717      994.5 
         9         63        676        785 
         8         68        825      797.5 
         6         65        432      447.5 
         7         65        591        519 
        12         75        709        780 
         7         65      528.5      562.5 
         7         66        444      530.5 
         9         69      537.5      516.5 
         7         66      541.5        522 
         7         63        593        565 
        11         72 
         7         62 
         6         61 
        13         74 
         7         66 
         8         62 
        11         68 
         7         63 
         7         62 
         7         68 
         8         64 
        12         75 
