SUBJECT DISTANCE RESPRT
2 2 898
2 5 1115
2 9 929
2 10 605
2 2 831
2 6 800
2 2 1327
2 1 1755
2 5 799
2 9 862
2 1 945
2 1 675
2 5 579
2 5 552
2 9 924
2 5 1455
2 5 844
2 7 645
2 4 738
2 10 598
2 5 707
2 5 464
2 9 738
2 4 831
2 5 862
2 4 707
2 3 924
2 1 800
2 9 712
2 1 898
2 3 556
2 4 645
2 4 490
2 7 769
2 6 774
2 4 1051
2 4 805
2 6 738
2 5 659
2 4 460
2 3 459
2 8 552
2 6 831
2 3 805
2 4 774
2 5 738
2 3 1202
2 2 1048
2 1 583
2 7 702
2 9 402
2 7 676
2 4 671
2 1 402
2 1 681
2 6 614
2 6 743
2 4 867
2 10 800
2 2 650
2 8 632
2 1 670
2 3 906
2 6 645
2 2 480
2 5 552
2 7 738
2 8 676
2 3 826
2 3 676
2 7 875
2 2 1079
2 2 831
2 6 676
2 1 1203
2 3 929
2 7 866
2 1 1332
2 8 707
2 7 862
2 1 1388
2 1 1394
2 2 898
2 1 1673
2 5 1115
2 3 676
2 1 1079
2 4 738
2 3 893
2 2 2696
2 5 619
2 6 764
2 7 707
2 3 831
2 2 1016
2 3 986
2 4 769
2 2 707
2 1 1362
2 1 774
2 1 1735
2 2 1172
2 10 738
2 7 676
2 3 1084
2 2 836
2 4 960
2 8 831
2 11 645
2 8 666
2 3 1110
2 4 905
2 10 843
2 2 836
2 8 650
2 6 774
2 5 521
2 1 1389
2 1 1202
2 1 1269
2 1 898
2 3 1017
2 3 924
2 2 738
2 2 945
2 3 768
2 4 867
2 5 557
2 6 698
2 4 875
2 2 675
2 1 614
2 1 774
2 1 743
2 6 862
2 6 614
2 9 614
2 5 552
2 1 578
2 2 557
2 9 490
2 2 893
2 4 763
2 2 676
2 4 929
2 5 552
2 4 573
2 7 542
2 6 707
2 4 614
2 5 951
2 9 733
2 8 645
2 5 605
2 6 676
2 5 588
2 2 712
2 8 645
2 5 583
2 1 955
2 2 914
2 1 1425
2 4 867
2 3 1007
2 3 1234
2 1 790
2 1 1017
2 1 1699
2 6 738
2 5 707
2 2 857
2 8 794
2 11 583
2 10 583
2 10 588
2 1 774
2 7 552
2 6 583
2 2 1219
2 1 769
2 3 681
2 5 588
2 2 831
2 3 583
2 5 614
2 4 862
2 6 1046
2 2 986
2 4 862
2 2 924
2 7 547
2 8 734
2 9 681
2 7 645
2 7 583
2 3 694
2 3 552
2 7 681
2 4 743
2 4 459
2 1 769
2 7 552
2 7 681
2 3 557
2 1 1822
2 6 588
2 2 1140
2 6 985
2 11 552
2 4 552
2 1 1215
2 2 681
2 3 590
2 8 617
2 5 706
2 9 645
2 3 1072
2 7 712
2 3 867
2 1 1362
2 7 1269
2 2 893
2 5 862
2 3 923
2 6 794
2 9 861
2 10 583
2 8 533
2 8 676
2 3 619
2 4 955
100 2 1237
100 1 841
100 1 994
100 1 902
100 6 754
100 4 662
100 2 505
100 9 475
100 3 567
100 8 719
100 11 597
100 1 597
100 4 721
100 1 383
100 3 780
100 3 505
100 7 719
100 5 670
100 5 662
100 1 994
100 4 688
100 5 480
100 5 571
100 5 810
100 3 781
100 1 841
100 5 718
100 4 750
100 5 579
100 7 510
100 5 444
100 6 435
100 3 745
100 2 439
100 8 688
100 1 724
100 7 529
100 2 872
100 8 625
100 6 800
100 11 632
100 6 688
100 9 527
100 2 566
100 3 444
100 6 633
100 1 414
100 7 549
100 8 414
100 3 671
100 5 414
100 10 403
100 10 597
100 3 658
100 6 719
100 9 444
100 3 566
100 4 541
100 1 419
100 3 414
100 1 933
100 7 652
100 2 1024
100 8 597
100 3 750
100 2 846
100 7 495
100 4 693
100 7 511
100 5 780
100 6 780
100 3 841
100 5 811
100 4 689
100 2 566
100 4 718
100 1 1055
100 3 810
100 10 810
100 1 1542
100 2 780
100 4 536
100 7 505
100 9 658
100 5 770
100 2 597
100 2 658
100 6 963
100 6 597
100 4 536
100 8 540
100 3 663
100 1 662
100 2 693
100 4 597
100 2 1024
100 8 811
100 1 984
100 8 536
100 7 749
100 3 444
100 4 648
100 4 780
100 7 755
100 1 663
100 2 540
100 5 602
100 9 724
100 4 709
100 6 811
100 9 505
100 10 597
100 6 567
100 3 597
100 5 749
100 1 932
100 3 755
100 6 714
100 4 688
100 3 932
100 1 810
100 2 985
100 5 688
100 2 963
100 2 1085
100 4 780
100 1 566
100 7 689
100 5 536
100 4 719
100 8 871
100 3 871
100 6 541
100 2 785
100 1 693
100 1 876
100 4 744
100 8 627
100 1 597
100 1 749
100 4 811
100 9 577
100 7 723
100 4 495
100 4 687
100 5 414
100 6 658
100 3 719
100 2 419
100 8 540
100 6 506
100 7 627
100 5 793
100 1 658
100 4 623
100 4 602
100 5 536
100 3 831
100 11 475
100 4 450
100 10 449
100 6 750
100 6 567
100 8 414
100 2 557
100 6 871
100 9 383
100 10 750
100 7 444
100 7 535
100 2 724
100 9 475
100 1 810
100 3 492
100 2 719
100 5 872
100 8 627
100 1 627
100 4 811
100 2 754
100 1 572
100 8 612
100 3 785
100 4 877
100 5 785
100 1 724
100 11 566
100 3 627
100 2 658
100 8 689
100 2 567
100 5 770
100 3 719
100 5 719
100 2 480
100 6 872
100 2 658
100 4 597
100 9 663
100 6 567
100 7 673
100 7 510
100 1 937
100 5 571
100 3 755
100 7 628
100 5 475
100 7 529
100 2 445
100 9 658
100 8 475
100 10 541
100 7 724
100 1 610
100 5 510
100 4 811
100 2 689
100 3 658
100 6 663
100 4 907
100 6 1121
100 1 633
100 9 572
100 1 613
100 5 567
100 5 902
100 4 540
100 3 841
100 10 536
8 4 875
8 5 1015
8 4 884
8 1 1357
8 4 979
8 3 1173
8 5 1136
8 2 1010
8 2 1042
8 2 1099
8 4 1231
8 6 727
8 4 929
8 2 790
8 6 763
8 7 637
8 1 856
8 4 1078
8 4 1708
8 8 795
8 7 978
8 10 664
8 3 1231
8 4 664
8 1 789
8 6 937
8 5 1036
8 1 853
8 5 758
8 8 853
8 6 1042
8 1 1231
8 9 600
8 7 790
8 3 1042
8 5 727
8 4 663
8 7 790
8 11 758
8 6 890
8 7 525
8 10 664
8 1 511
8 3 731
8 10 669
8 2 1425
8 3 701
8 7 556
8 2 1500
8 7 1046
8 8 731
8 1 952
8 3 696
8 7 921
8 2 1394
8 2 1141
8 3 600
8 9 1200
8 2 1325
8 4 1001
8 5 1294
8 3 979
8 5 727
8 6 884
8 1 853
8 6 821
8 7 727
8 5 1105
8 2 853
8 6 916
8 5 538
8 5 790
8 4 790
8 2 1646
8 5 853
8 3 853
8 8 1105
8 11 727
8 2 853
8 6 1074
8 4 1105
8 1 948
8 1 1457
8 6 890
8 8 759
8 4 852
8 2 821
8 7 790
8 3 1001
8 1 538
8 6 821
8 3 1073
8 10 470
8 1 543
8 3 638
8 3 1204
8 9 538
8 9 727
8 8 648
8 8 1010
8 9 790
8 5 628
8 3 537
8 2 822
8 3 790
8 5 1199
8 4 726
8 4 915
8 1 1892
8 2 695
8 5 1011
8 2 1261
8 1 732
8 8 921
8 1 1142
8 9 619
8 2 575
8 5 664
8 4 601
8 1 1032
8 5 753
8 3 1168
8 1 1200
8 1 1105
8 9 795
8 10 695
8 4 948
8 10 763
8 10 763
8 2 827
8 1 606
8 8 826
8 6 790
8 3 538
8 1 601
8 2 601
8 11 695
8 7 701
8 1 948
8 5 1010
8 5 822
8 2 1263
8 2 664
8 3 759
8 6 947
8 3 664
8 9 1290
8 3 570
8 3 669
8 7 947
8 1 664
8 4 664
8 4 758
8 6 889
8 2 918
8 7 512
8 8 1047
8 6 758
8 5 758
8 4 790
8 9 601
8 6 664
8 2 827
8 4 764
8 3 1551
8 8 1016
8 4 952
8 3 663
8 5 1533
8 5 763
8 5 817
8 3 884
8 1 1136
8 3 916
8 4 1546
8 5 884
8 7 1168
8 9 780
8 1 1105
8 5 570
8 5 921
8 10 538
8 8 1137
8 4 570
8 6 538
8 1 790
8 1 1672
8 8 538
8 4 858
8 7 1205
8 2 700
8 1 1016
8 6 889
8 2 696
8 7 749
8 7 853
8 9 759
8 4 795
8 4 732
8 6 890
8 1 655
8 8 695
8 5 916
8 4 947
8 4 979
8 2 543
8 4 1069
8 5 511
8 7 822
8 6 444
8 5 570
8 7 758
8 1 507
8 2 1042
8 1 444
8 1 444
8 3 480
8 11 465
8 6 952
8 7 921
9 6 719
9 4 757
9 5 982
9 10 693
9 2 1331
9 6 752
9 2 1138
9 7 849
9 3 1234
9 8 790
9 6 1105
9 1 720
9 6 945
9 7 655
9 2 1009
9 4 1266
9 8 945
9 4 1169
9 7 913
9 1 1330
9 9 1078
9 8 1078
9 2 1368
9 6 853
9 9 885
9 4 949
9 1 1363
9 7 848
9 11 848
9 2 1078
9 3 912
9 4 944
9 1 1583
9 4 816
9 3 784
9 1 2172
9 6 1014
9 1 1689
9 5 1003
9 2 1652
9 1 1383
9 1 1624
9 10 693
9 3 881
9 1 977
9 6 838
9 5 1202
9 5 1151
9 3 935
9 8 848
9 10 784
9 5 977
9 6 1137
9 9 848
9 8 623
9 3 559
9 3 977
9 1 913
9 3 1588
9 5 623
9 7 1234
9 8 559
9 1 881
9 4 945
9 5 732
9 2 494
9 2 783
9 7 918
9 2 596
9 6 719
9 9 591
9 3 624
9 2 871
9 5 816
9 2 590
9 5 752
9 3 564
9 2 851
9 10 949
9 4 880
9 6 1252
9 3 1110
9 4 1400
9 1 1078
9 7 1143
9 3 816
9 1 816
9 5 816
9 5 1427
9 9 550
9 7 655
9 2 752
9 4 628
9 5 692
9 3 655
9 3 1143
9 3 1336
9 8 591
9 4 1003
9 1 1014
9 9 624
9 4 623
9 1 944
9 2 917
9 2 692
9 4 1009
9 5 1362
9 4 720
9 1 904
9 4 742
9 8 903
9 2 1362
9 7 1272
9 6 821
9 5 757
9 6 1028
9 3 1331
9 7 1362
9 6 1009
9 3 816
9 2 1073
9 6 913
9 4 977
9 1 1459
9 3 1201
9 6 931
9 5 752
9 4 977
9 3 848
9 7 1298
9 2 1330
9 8 912
9 1 1066
9 1 1085
9 2 1267
9 3 1271
9 4 1111
9 4 853
9 6 885
9 6 918
9 8 693
9 2 1041
9 7 913
9 5 1041
9 6 1009
9 2 1202
9 2 1427
9 2 912
9 2 1877
9 4 849
9 1 1170
9 3 1073
9 2 1267
9 4 1234
9 3 977
9 10 655
9 2 1625
9 4 918
9 7 885
9 4 853
9 3 848
9 8 688
9 5 751
9 5 656
9 9 752
9 4 1963
9 11 720
9 1 1909
9 6 720
9 8 752
9 7 1588
9 4 624
9 2 913
9 8 1041
9 8 950
9 4 677
9 7 848
9 5 720
9 1 623
9 1 880
9 8 784
9 1 848
9 5 752
9 3 848
9 5 784
9 10 559
9 7 638
9 9 623
9 1 977
9 2 1160
9 1 1336
9 9 783
9 10 752
9 3 779
9 6 848
9 10 720
9 4 861
9 5 881
9 7 559
9 5 913
9 3 816
9 5 816
9 6 693
9 2 977
9 4 881
9 3 816
9 3 1009
9 3 720
9 5 977
9 3 816
9 3 655
9 2 1202
9 3 1073
9 1 719
9 4 816
9 2 724
9 1 527
9 7 720
9 8 655
9 11 1363
9 9 668
9 5 950
9 9 880
9 6 821
9 1 1496
9 2 1031
9 3 733
9 4 1234
9 2 816
9 5 1105
9 3 1009
9 7 656
10 4 650
10 9 651
10 2 739
10 7 621
10 8 650
10 9 916
10 3 1212
10 2 744
10 1 1064
10 3 935
10 6 950
10 1 1955
10 1 969
10 2 710
10 8 650
10 2 615
10 2 641
10 3 680
10 3 651
10 1 532
10 2 857
10 4 680
10 5 591
10 4 946
10 8 710
10 5 1039
10 2 1098
10 10 833
10 8 710
10 3 798
10 7 798
10 4 680
10 5 621
10 6 562
10 9 655
10 4 685
10 6 951
10 10 597
10 2 1128
10 4 804
10 5 773
10 3 1035
10 7 769
10 3 789
10 3 532
10 3 887
10 1 636
10 2 797
10 2 1158
10 2 1246
10 1 803
10 10 710
10 2 1065
10 3 2211
10 10 709
10 5 710
10 1 768
10 1 828
10 9 621
10 6 857
10 5 680
10 6 651
10 3 873
10 6 710
10 3 739
10 11 625
10 7 790
10 9 768
10 2 621
10 7 798
10 6 680
10 7 503
10 8 592
10 5 740
10 2 975
10 1 807
10 6 675
10 4 798
10 8 769
10 7 681
10 2 877
10 1 1123
10 6 710
10 2 591
10 1 940
10 2 858
10 3 887
10 3 799
10 8 769
10 4 650
10 4 1081
10 4 892
10 5 804
10 4 685
10 1 594
10 4 826
10 1 745
10 8 596
10 5 769
10 1 787
10 7 651
10 4 857
10 3 828
10 7 798
10 5 768
10 5 1128
10 2 591
10 1 1364
10 9 650
10 5 650
10 4 741
10 5 745
10 6 862
10 2 769
10 7 715
10 6 710
10 5 650
10 4 621
10 11 678
10 8 626
10 5 1064
10 2 862
10 3 804
10 4 744
10 1 507
10 6 803
10 7 685
10 2 951
10 6 814
10 2 887
10 1 887
10 3 975
10 9 578
10 2 828
10 8 621
10 3 532
10 2 1006
10 3 1350
10 4 592
10 2 621
10 4 621
10 3 621
10 4 798
10 4 592
10 6 887
10 3 916
10 10 621
10 2 591
10 2 976
10 9 621
10 1 1389
10 1 916
10 9 612
10 8 680
10 10 543
10 2 680
10 2 739
10 3 650
10 6 532
10 6 828
10 10 531
10 4 680
10 3 709
10 3 532
10 10 532
10 3 828
10 3 500
10 2 768
10 4 849
10 4 532
10 3 886
10 9 651
10 6 799
10 5 607
10 5 588
10 5 685
10 8 592
10 6 833
10 5 774
10 7 832
10 4 744
10 6 833
10 1 538
10 7 567
10 9 508
10 2 1351
10 2 1093
10 1 700
10 7 591
10 5 1005
10 3 532
10 5 739
10 6 781
10 1 532
10 5 499
10 11 498
10 7 621
10 5 586
10 6 561
10 1 680
10 4 591
10 2 502
10 3 803
10 9 656
10 5 804
10 4 621
10 7 681
10 3 887
10 2 1188
10 1 567
10 1 733
10 2 1065
10 1 533
10 8 599
10 7 680
10 1 1300
10 3 828
10 4 1005
10 5 916
10 11 621
10 4 621
10 8 494
10 8 739
10 1 621
10 1 621
10 7 469
10 8 550
10 4 685
10 1 1064
10 4 750
10 3 668
10 6 562
10 5 680
10 1 887
10 5 592
10 1 1271
10 7 592
10 6 661
10 7 680
10 5 730
4 8 959
4 4 1262
4 5 984
4 1 1248
4 2 1014
4 1 1136
4 2 1802
4 2 1014
4 3 1171
4 5 1110
4 3 959
4 2 1050
4 8 747
4 1 1504
4 1 1438
4 3 1469
4 3 1135
4 11 712
4 10 802
4 1 1322
4 4 807
4 5 703
4 6 716
4 2 1019
4 5 1262
4 4 1135
4 2 1196
4 9 777
4 4 859
4 4 1383
4 4 1019
4 10 989
4 7 1166
4 5 893
4 8 923
4 8 801
4 3 1399
4 9 1232
4 6 785
4 2 924
4 6 802
4 1 1929
4 5 1099
4 1 1110
4 2 898
4 2 863
4 1 1050
4 5 1110
4 7 959
4 2 1019
4 5 1318
4 3 1105
4 4 954
4 4 842
4 7 898
4 5 1262
4 1 893
4 6 711
4 2 868
4 7 746
4 1 1050
4 6 625
4 2 1747
4 1 1085
4 3 923
4 6 1318
4 4 1075
4 5 1378
4 1 797
4 7 1136
4 7 621
4 1 832
4 1 1560
4 2 1080
4 6 1398
4 7 862
4 4 1141
4 3 891
4 7 1717
4 4 832
4 4 918
4 9 711
4 6 863
4 3 1313
4 11 686
4 4 923
4 8 651
4 5 698
4 2 1353
4 2 1218
4 3 1166
4 3 976
4 9 777
4 1 867
4 5 919
4 4 1166
4 2 1343
4 7 803
4 2 1287
4 9 832
4 2 650
4 6 741
4 3 1049
4 5 929
4 8 777
4 6 971
4 3 837
4 3 1019
4 7 1050
4 9 814
4 8 802
4 3 858
4 1 803
4 1 1074
4 3 1353
4 2 1523
4 5 1348
4 6 954
4 10 832
4 3 984
4 6 893
4 6 919
4 4 1287
4 8 1257
4 7 1353
4 2 1565
4 6 1287
4 7 1045
4 1 1560
4 7 1621
4 3 1075
4 4 2057
4 4 1554
4 4 1045
4 6 887
4 5 966
4 2 1201
4 1 1110
4 6 1292
4 6 1075
4 1 1413
4 10 863
4 3 1755
4 1 923
4 5 1166
4 5 1135
4 8 1014
4 1 1045
4 3 953
4 2 1352
4 5 1747
4 5 1348
4 2 1439
4 7 1620
4 4 953
4 1 1548
4 1 1075
4 8 863
4 1 1196
4 6 923
4 2 984
4 2 1011
4 7 833
4 11 959
4 2 776
4 4 1171
4 3 1110
4 5 989
4 11 626
4 1 1244
4 3 807
4 5 655
4 9 1287
4 3 1621
4 2 1717
4 6 1171
4 1 1596
4 4 1101
4 4 1254
4 8 681
4 2 1075
4 4 1409
4 7 984
4 9 923
4 8 1348
4 3 1227
4 7 711
4 5 1278
4 1 863
4 2 2072
4 8 1625
4 4 716
4 5 807
4 2 1171
4 2 837
4 7 1171
4 3 1322
4 4 535
4 6 1040
4 5 847
4 3 581
4 2 832
4 10 681
4 3 772
4 3 1197
4 9 924
4 1 803
4 1 1171
4 9 716
4 3 1488
4 3 1383
4 5 928
4 9 711
4 8 1050
4 2 1232
4 4 837
4 2 681
4 1 1763
4 4 833
4 2 771
4 6 1959
4 1 989
4 8 984
4 6 1248
4 9 741
4 6 1075
4 3 984
4 1 1014
4 7 1196
4 6 1075
4 5 1101
4 1 1196
4 2 984
4 1 1075
4 5 1469
4 4 1408
4 3 1256
4 2 1712
4 7 893
4 4 832
4 2 893
4 1 2712
4 5 1474
4 3 1474
4 3 1110
4 10 807
4 4 1020
4 1 1201
5 4 1026
5 3 859
5 7 1091
5 6 836
5 8 1219
5 5 672
5 1 1855
5 11 773
5 5 932
5 2 1950
5 2 1313
5 8 837
5 3 1091
5 2 1503
5 7 1187
5 4 1505
5 4 1219
5 2 932
5 2 1313
5 2 1370
5 3 613
5 6 966
5 7 932
5 6 931
5 7 805
5 5 931
5 1 1570
5 11 741
5 3 964
5 3 836
5 3 1123
5 6 1028
5 4 881
5 6 1314
5 1 803
5 3 772
5 5 678
5 8 1059
5 5 1250
5 4 773
5 4 1092
5 2 1347
5 3 1186
5 4 1473
5 8 1091
5 4 1059
5 1 2077
5 2 899
5 5 773
5 2 837
5 4 963
5 9 613
5 7 1027
5 2 996
5 4 678
5 8 1186
5 6 995
5 2 1410
5 5 1282
5 4 1060
5 3 708
5 5 772
5 8 677
5 9 1059
5 5 805
5 1 581
5 5 1091
5 2 1410
5 1 964
5 2 2364
5 6 645
5 1 1347
5 4 836
5 1 1123
5 6 1059
5 3 1219
5 10 1091
5 6 773
5 1 1155
5 4 930
5 9 614
5 4 963
5 7 1441
5 3 1184
5 5 1027
5 6 932
5 2 1277
5 7 995
5 1 1538
5 9 732
5 3 1091
5 3 831
5 1 805
5 2 1028
5 3 1176
5 6 1059
5 10 425
5 1 1824
5 5 1168
5 2 1059
5 1 2876
5 8 1028
5 1 1442
5 4 1377
5 10 868
5 7 671
5 1 677
5 3 803
5 6 803
5 5 678
5 2 2015
5 4 1281
5 7 1209
5 2 900
5 7 677
5 3 832
5 8 549
5 3 709
5 9 677
5 2 645
5 5 817
5 7 932
5 2 1505
5 5 741
5 10 741
5 2 804
5 1 1250
5 6 1220
5 2 1251
5 1 1060
5 5 1218
5 3 1219
5 1 1600
5 4 1027
5 3 1347
5 6 1218
5 2 900
5 2 932
5 3 763
5 10 667
5 6 486
5 6 805
5 3 581
5 6 773
5 2 869
5 1 1377
5 4 643
5 4 836
5 3 700
5 4 1123
5 4 1092
5 5 668
5 1 900
5 6 1104
5 3 772
5 7 708
5 5 487
5 2 995
5 2 931
5 2 868
5 5 645
5 2 805
5 1 932
5 3 867
5 9 803
5 7 805
5 2 836
5 4 1041
5 4 700
5 5 1155
5 9 1218
5 4 1249
5 1 1134
5 2 1505
5 5 932
5 9 710
5 8 835
5 1 1060
5 1 648
5 1 1491
5 1 1155
5 5 549
5 3 679
5 8 740
5 8 1123
5 4 1027
5 8 837
5 7 794
5 7 818
5 3 1028
5 9 1155
5 8 709
5 6 773
5 4 836
5 7 773
5 9 1059
5 6 761
5 7 837
5 8 581
5 5 871
5 3 709
5 1 1248
5 6 1155
5 11 613
5 11 740
5 6 869
5 3 837
5 3 582
5 5 1090
5 10 837
5 6 670
5 3 1091
5 2 740
5 4 1021
5 4 835
5 2 868
5 3 741
5 7 859
5 3 1155
5 1 1314
5 5 990
5 8 742
5 7 709
5 1 607
5 3 964
5 1 1583
5 3 878
5 2 66
5 10 868
5 4 787
5 4 709
5 8 804
5 3 1027
5 9 982
5 5 933
5 7 786
5 4 676
5 2 550
5 1 549
5 1 1155
5 2 996
7 2 1347
7 7 1224
7 6 666
7 5 666
7 5 666
7 6 666
7 3 1096
7 6 696
7 2 1071
7 1 850
7 8 636
7 2 728
7 1 640
7 6 733
7 7 886
7 5 789
7 5 728
7 3 789
7 3 912
7 8 605
7 10 978
7 2 1957
7 9 794
7 2 1865
7 9 723
7 1 876
7 2 1096
7 1 1127
7 5 728
7 1 517
7 4 727
7 1 912
7 10 784
7 3 696
7 1 1102
7 1 938
7 1 1296
7 3 763
7 3 978
7 3 666
7 6 764
7 2 1219
7 4 640
7 11 714
7 3 728
7 7 648
7 5 942
7 4 635
7 6 702
7 6 886
7 9 548
7 5 640
7 3 635
7 8 635
7 2 543
7 3 635
7 4 657
7 4 943
7 7 574
7 5 1194
7 3 635
7 7 682
7 4 886
7 1 1286
7 7 758
7 10 697
7 2 687
7 11 420
7 5 482
7 8 605
7 2 882
7 4 1004
7 10 574
7 4 824
7 5 635
7 2 1004
7 9 528
7 1 764
7 3 692
7 2 667
7 4 671
7 3 481
7 4 824
7 3 420
7 1 636
7 5 851
7 7 481
7 2 411
7 4 728
7 5 699
7 4 604
7 9 636
7 9 451
7 3 636
7 2 574
7 4 543
7 5 486
7 8 517
7 4 820
7 6 635
7 7 727
7 7 544
7 1 1189
7 3 907
7 1 1316
7 6 513
7 1 501
7 2 1127
7 7 666
7 8 513
7 8 759
7 2 917
7 6 579
7 4 763
7 2 451
7 8 513
7 3 482
7 1 1035
7 6 610
7 3 943
7 6 636
7 5 702
7 4 641
7 2 482
7 6 718
7 2 605
7 3 544
7 1 666
7 4 481
7 1 1747
7 5 574
7 6 693
7 1 518
7 3 543
7 1 912
7 2 758
7 8 626
7 3 640
7 8 794
7 4 666
7 6 850
7 8 605
7 2 912
7 5 712
7 3 1404
7 1 1188
7 2 636
7 5 850
7 4 759
7 2 1232
7 1 1025
7 1 947
7 8 1010
7 10 701
7 6 671
7 7 609
7 10 517
7 7 610
7 1 456
7 2 1268
7 5 1255
7 4 912
7 4 825
7 6 1097
7 2 789
7 4 933
7 1 1153
7 5 759
7 7 759
7 3 655
7 6 912
7 6 727
7 5 702
7 2 1083
7 2 1132
7 1 1286
7 1 1245
7 6 671
7 4 1253
7 2 1169
7 7 728
7 5 727
7 6 728
7 2 1220
7 9 697
7 4 1096
7 1 1378
7 3 763
7 8 733
7 9 753
7 4 671
7 4 710
7 7 671
7 3 764
7 9 548
7 2 1408
7 8 1132
7 5 697
7 2 728
7 10 758
7 3 943
7 2 943
7 7 749
7 1 1250
7 7 667
7 6 618
7 4 1096
7 4 820
7 7 942
7 8 697
7 3 732
7 1 671
7 3 451
7 5 1083
7 7 969
7 3 666
7 9 512
7 6 727
7 11 820
7 5 728
7 2 819
7 1 1005
7 11 574
7 5 543
7 3 727
7 7 759
7 4 697
7 10 574
7 2 1066
7 1 604
7 9 697
7 8 696
7 3 819
7 1 1158
7 2 1435
7 3 850
7 9 656
