subj ord1 ord2 ord3 ord4 any1 any2 any3 any4
     1  36.67  17.50  27.50  23.10  46.67  25.83  37.50  48.30 
     2  72.50  66.67  24.17  16.30  76.67  73.33  38.33  35.47 
     3  23.33  19.17   6.67  28.27  27.50  26.67  14.17  43.10 
     5  25.83  10.00  20.00  18.30  35.00  22.50  30.00  30.70 
     7  41.67  35.83  24.17  28.87  48.33  45.00  40.83  58.30 
     8  40.00  30.83  24.17  17.70  44.17  39.17  30.83  34.03 
    10  16.67  23.33   2.50  19.23  26.67  31.67   9.17  46.87 
    11   0.00   7.50   0.00   2.50   0.00  10.83   1.67   3.07 
    12  25.00  27.50  29.17   1.90  39.17  37.50  39.17  41.07 
    13  40.83  25.00  10.83  12.73  44.17  28.33  20.00  19.43 
    15  15.83  19.17  12.50   6.03  24.17  23.33  21.67  27.77 
    16  44.17  43.33  41.67   8.53  52.50  49.17  46.67  34.00 
   100  36.67  24.17  13.33  23.03  39.17  30.00  15.00  27.10 
