
Tables of results from Lab 1.2, Duration of the Icon
Winter 2002

Conditions:
1=partial report, 0 ms delay
2=partial report, 150 ms delay
3=partial report, 500 ms delay
4=full report, 0 ms delay



practice[0]     02-06-02     09:59:55

Mean Percent of Items Recalled (IN ORDER), All Subjects, By Condition

Table of INP conditional on COND

Filtered variable(s):
   PRACTICE[0]

Cell values are:
   MEAN       
   N          
   ST. DEV.   

COND

1          2          3          4          ALL

32.80      27.20      18.63      16.01      23.66      
420.00     420.00     420.00     420.00     1680.00    
34.59      32.73      28.34      14.74      29.44      


practice[0]     02-06-02     10:00:02

Mean Percent of Items Recalled (ANY ORDER), All Subjects, By Condition

Table of OUTP conditional on COND

Filtered variable(s):
   PRACTICE[0]

Cell values are:
   MEAN       
   N          
   ST. DEV.   

COND

1          2          3          4          ALL

39.17      34.46      26.85      34.52      33.75      
420.00     420.00     420.00     420.00     1680.00    
33.25      32.15      28.78      16.93      28.87      


practice[0]     02-06-02     10:00:09

Mean Percent of Items Recalled (IN ORDER), by Condition and by Subject

Table of INP conditional on COND, SUBJECT

Filtered variable(s):
   PRACTICE[0]

Cell values are:
   MEAN       
   N          
   ST. DEV.   

SUBJECT  \ COND

    \      1          2          3          4          ALL

1          36.67      17.50      27.50      23.10      26.19      
1          30.00      30.00      30.00      30.00      120.00     
1          28.67      22.50      29.12      12.64      25.16      

2          72.50      66.67      24.17      16.30      44.91      
2          30.00      30.00      30.00      30.00      120.00     
2          28.39      29.81      32.59      15.25      36.99      

3          23.33      19.17      6.67       28.27      19.36      
3          30.00      30.00      30.00      30.00      120.00     
3          33.50      28.64      15.72      9.73       25.20      

5          25.83      10.00      20.00      18.30      18.53      
5          30.00      30.00      30.00      30.00      120.00     
5          36.79      23.80      27.69      12.16      27.22      

7          41.67      35.83      24.17      28.87      32.63      
7          30.00      30.00      30.00      30.00      120.00     
7          27.64      22.99      31.94      12.56      25.73      

8          40.00      30.83      24.17      17.70      28.17      
8          60.00      60.00      60.00      60.00      240.00     
8          31.02      32.39      24.57      12.80      27.62      

10         16.67      23.33      2.50       19.23      15.43      
10         30.00      30.00      30.00      30.00      120.00     
10         21.73      25.77      7.50       12.38      19.95      

11         0.00       7.50       0.00       2.50       2.50       
11         30.00      30.00      30.00      30.00      120.00     
11         0.00       25.12      0.00       9.43       13.76      

12         25.00      27.50      29.17      1.90       20.89      
12         30.00      30.00      30.00      30.00      120.00     
12         25.82      33.13      32.97      4.09       28.97      

13         40.83      25.00      10.83      12.73      22.35      
13         30.00      30.00      30.00      30.00      120.00     
13         41.07      37.08      28.64      17.53      34.51      

15         15.83      19.17      12.50      6.03       13.38      
15         30.00      30.00      30.00      30.00      120.00     
15         31.28      32.07      28.69      10.31      27.52      

16         44.17      43.33      41.67      8.53       34.42      
16         30.00      30.00      30.00      30.00      120.00     
16         39.10      34.72      34.96      13.25      35.46      

100        36.67      24.17      13.33      23.03      24.30      
100        30.00      30.00      30.00      30.00      120.00     
100        28.67      26.99      19.08      9.38       23.86      

ALL        32.80      27.20      18.63      16.01      23.66      
ALL        420.00     420.00     420.00     420.00     1680.00    
ALL        34.59      32.73      28.34      14.74      29.44      


practice[0]     02-06-02     10:00:29

Mean Percent of Items Recalled (ANY ORDER), by Condition and by Subject

Table of OUTP conditional on COND, SUBJECT

Filtered variable(s):
   PRACTICE[0]

Cell values are:
   MEAN       
   N          
   ST. DEV.   

SUBJECT  \ COND

    \      1          2          3          4          ALL

1          46.67      25.83      37.50      48.30      39.58      
1          30.00      30.00      30.00      30.00      120.00     
1          27.18      24.57      30.10      9.93       25.82      

2          76.67      73.33      38.33      35.47      55.95      
2          30.00      30.00      30.00      30.00      120.00     
2          23.21      22.30      30.09      6.58       29.35      

3          27.50      26.67      14.17      43.10      27.86      
3          30.00      30.00      30.00      30.00      120.00     
3          31.85      29.53      17.89      8.95       26.02      

5          35.00      22.50      30.00      30.70      29.55      
5          30.00      30.00      30.00      30.00      120.00     
5          35.12      24.45      26.14      7.09       25.72      

7          48.33      45.00      40.83      58.30      48.12      
7          30.00      30.00      30.00      30.00      120.00     
7          24.94      16.33      26.99      9.13       21.61      

8          44.17      39.17      30.83      34.03      37.05      
8          60.00      60.00      60.00      60.00      240.00     
8          29.36      31.41      23.44      7.64       25.29      

10         26.67      31.67      9.17       46.87      28.59      
10         30.00      30.00      30.00      30.00      120.00     
10         24.09      26.56      12.05      13.29      24.15      

11         0.00       10.83      1.67       3.07       3.89       
11         30.00      30.00      30.00      30.00      120.00     
11         0.00       27.14      8.98       11.52      15.96      

12         39.17      37.50      39.17      41.07      39.22      
12         30.00      30.00      30.00      30.00      120.00     
12         22.99      30.10      30.06      11.28      24.86      

13         44.17      28.33      20.00      19.43      27.98      
13         30.00      30.00      30.00      30.00      120.00     
13         39.62      39.65      31.89      20.82      35.32      

15         24.17      23.33      21.67      27.77      24.23      
15         30.00      30.00      30.00      30.00      120.00     
15         33.22      32.87      28.67      14.25      28.41      

16         52.50      49.17      46.67      34.00      45.58      
16         30.00      30.00      30.00      30.00      120.00     
16         34.37      33.22      35.78      7.28       30.88      

100        39.17      30.00      15.00      27.10      27.82      
100        30.00      30.00      30.00      30.00      120.00     
100        27.90      25.33      18.93      7.51       23.09      

ALL        39.17      34.46      26.85      34.52      33.75      
ALL        420.00     420.00     420.00     420.00     1680.00    
ALL        33.25      32.15      28.78      16.93      28.87      

