SUBJECT DISTANCE RESPRT
1 4 1743
1 3 948
1 7 954
1 6 1058
1 8 1607
1 5 1010
1 1 1012
1 11 1176
1 5 1080
1 2 1423
1 2 1125
1 8 1160
1 3 1070
1 3 2196
1 2 1560
1 7 2046
1 4 1015
1 4 870
1 2 979
1 3 992
1 6 1239
1 7 1041
1 6 835
1 7 834
1 5 1406
1 1 1738
1 3 1393
1 3 1142
1 3 1115
1 6 1338
1 6 1797
1 1 2841
1 3 2433
1 5 1760
1 9 954
1 8 1271
1 5 982
1 4 1189
1 1 1674
1 4 1022
1 2 1748
1 3 1424
1 4 1250
1 8 1112
1 4 963
1 2 1380
1 5 854
1 2 1376
1 4 1370
1 9 784
1 1 1224
1 7 1209
1 4 1604
1 8 1854
1 6 2096
1 2 1353
1 5 1410
1 4 2214
1 3 1370
1 5 1318
1 8 1298
1 9 911
1 5 1405
1 1 1282
1 5 1614
1 2 1751
1 1 1939
1 2 2973
1 6 1714
1 1 2126
1 4 1236
1 1 1757
1 1 1887
1 6 1906
1 3 1058
1 10 1105
1 6 2481
1 1 1006
1 4 1516
1 9 2302
1 4 1024
1 7 1090
1 3 1286
1 5 1001
1 1 2303
1 1 2435
1 6 1572
1 2 1688
1 7 1061
1 1 2781
1 9 1925
1 3 1651
1 1 2100
1 2 1153
1 3 916
1 6 1733
1 10 918
1 5 1218
1 2 1936
1 1 2621
1 8 916
1 10 1832
1 4 1068
1 10 1134
1 7 802
1 1 795
1 3 896
1 6 894
1 5 1110
1 2 1709
1 4 1887
1 7 1167
1 2 1481
1 7 930
1 3 1239
1 8 1660
1 3 1278
1 9 866
1 2 1675
1 5 1604
1 7 1514
1 2 2017
1 10 1652
1 2 1969
1 6 1253
1 2 1297
1 6 1124
1 5 974
1 3 1273
1 1 2134
1 4 1768
1 3 1493
1 6 1407
1 2 1316
1 3 1655
1 10 2404
1 6 2325
1 6 1564
1 3 1722
1 2 2459
1 5 1758
1 1 1979
1 4 1675
1 4 2407
1 3 1801
1 4 1534
1 4 1579
1 5 1520
1 6 1839
1 3 1922
1 7 1380
1 5 867
1 2 1757
1 2 1550
1 2 2168
1 5 985
1 2 2210
1 1 1805
1 3 1346
1 2 1469
1 9 1115
1 7 1076
1 2 744
1 4 1014
1 4 1580
1 5 1134
1 9 946
1 1 1625
1 4 1576
1 1 1859
1 2 1311
1 5 1264
1 9 910
1 8 1469
1 1 1913
1 1 2696
1 1 1533
1 1 2013
1 5 1180
1 3 2423
1 8 2268
1 8 1026
1 4 969
1 8 1254
1 7 934
1 7 984
1 3 961
1 9 841
1 8 1476
1 2 990
1 6 758
1 4 750
1 7 861
1 9 1037
1 6 974
1 7 1486
1 8 874
1 5 2279
1 5 1009
1 3 732
1 6 2356
1 11 978
1 4 1018
1 11 690
1 6 1082
1 3 1566
1 5 1619
1 10 974
1 6 1128
1 3 1063
1 2 1079
1 1 2249
1 4 1972
1 4 2097
1 2 1680
1 3 1840
1 7 1615
1 3 1595
1 1 2862
1 5 2422
1 8 2176
1 7 1946
1 1 1901
1 1 2404
1 3 2107
1 1 1909
1 3 2185
1 2 2248
1 10 2431
1 4 1123
1 4 1519
1 8 1668
1 3 1294
1 9 1451
1 5 1186
1 7 823
1 4 1335
1 2 1538
1 1 965
1 1 1366
1 2 1594
8 5 1124
8 9 817
8 10 786
8 2 1001
8 1 1430
8 7 797
8 5 879
8 6 664
8 2 1359
8 2 1062
8 7 848
8 10 910
8 10 756
8 6 1115
8 3 970
8 1 1129
8 7 883
8 4 853
8 7 787
8 5 1093
8 5 756
8 5 694
8 5 855
8 4 848
8 6 787
8 9 940
8 6 848
8 1 1216
8 7 725
8 2 694
8 6 664
8 1 981
8 6 961
8 2 663
8 3 777
8 2 970
8 7 664
8 3 761
8 3 945
8 6 669
8 1 945
8 3 699
8 8 638
8 4 755
8 8 633
8 4 909
8 6 904
8 3 948
8 2 1282
8 11 730
8 3 822
8 5 822
8 1 782
8 1 883
8 8 664
8 4 817
8 3 695
8 5 848
8 7 730
8 3 975
8 5 883
8 5 1037
8 9 666
8 3 668
8 3 914
8 11 638
8 4 787
8 6 633
8 2 1185
8 7 787
8 1 1077
8 6 817
8 8 783
8 7 817
8 3 848
8 3 1093
8 4 812
8 4 853
8 2 1124
8 1 940
8 9 633
8 1 879
8 2 1058
8 2 1001
8 6 730
8 4 761
8 2 1006
8 2 792
8 4 944
8 7 822
8 4 664
8 10 817
8 4 1093
8 1 1308
8 4 878
8 4 654
8 3 695
8 9 817
8 2 695
8 8 787
8 2 976
8 3 1023
8 8 869
8 1 1400
8 6 787
8 4 756
8 2 726
8 3 970
8 1 1032
8 3 1129
8 8 1037
8 2 973
8 1 1467
8 5 909
8 3 945
8 5 663
8 5 786
8 8 695
8 5 848
8 1 1308
8 1 1645
8 1 1190
8 3 1584
8 4 756
8 6 786
8 5 965
8 5 1062
8 6 756
8 3 818
8 8 975
8 3 1129
8 3 1313
8 10 822
8 1 1400
8 3 1267
8 7 667
8 2 801
8 1 939
8 4 847
8 6 878
8 9 669
8 7 782
8 2 944
8 1 1553
8 2 838
8 6 1093
8 1 1085
8 2 1522
8 9 746
8 7 940
8 6 725
8 5 731
8 3 1651
8 6 1190
8 2 761
8 1 1221
8 2 1160
8 4 1436
8 4 881
8 4 756
8 5 761
8 2 1251
8 3 914
8 10 915
8 4 940
8 11 694
8 5 717
8 4 786
8 4 633
8 2 760
8 10 817
8 1 695
8 8 572
8 11 572
8 6 756
8 5 664
8 1 848
8 6 623
8 2 593
8 4 669
8 2 1129
8 7 1006
8 5 792
8 4 1006
8 9 853
8 5 853
8 2 958
8 8 818
8 9 817
8 2 781
8 6 878
8 10 572
8 7 786
8 1 848
8 3 664
8 3 1032
8 1 847
8 6 822
8 1 1248
8 5 577
8 5 1191
8 1 1374
8 6 755
8 2 1681
8 8 777
8 1 1215
8 8 694
8 3 633
8 5 597
8 5 664
8 3 879
8 4 879
8 9 547
8 2 699
8 9 541
8 7 664
8 2 1369
8 8 664
8 2 817
8 7 756
8 4 725
8 3 603
8 3 587
8 5 730
8 1 608
8 8 685
8 4 1124
8 1 848
8 2 909
8 3 633
8 1 1062
8 3 817
8 7 1062
8 4 1247
8 2 1829
8 1 817
8 4 664
8 3 984
8 4 755
8 7 725
8 1 1313
8 3 945
8 5 725
8 8 1343
3 9 695
3 11 731
3 2 1149
3 9 695
3 6 1040
3 8 666
3 6 850
3 3 935
3 5 965
3 1 1413
3 8 970
3 3 1269
3 5 840
3 4 961
3 2 1234
3 1 1105
3 8 1389
3 2 1234
3 2 1175
3 2 1802
3 2 935
3 8 1000
3 7 1149
3 5 965
3 4 696
3 4 935
3 1 1713
3 4 995
3 8 815
3 7 881
3 3 1000
3 3 1479
3 4 696
3 3 1174
3 1 786
3 1 1170
3 1 576
3 1 696
3 10 966
3 7 1234
3 6 906
3 5 995
3 5 905
3 9 726
3 2 761
3 1 1328
3 2 1120
3 5 1085
3 3 791
3 9 860
3 2 720
3 1 1128
3 3 1055
3 7 1055
3 1 965
3 1 1359
3 4 1051
3 6 820
3 3 1115
3 3 1055
3 7 875
3 7 875
3 3 1145
3 2 1204
3 7 1054
3 1 1115
3 7 935
3 3 1000
3 6 1019
3 4 611
3 9 851
3 5 1329
3 4 802
3 1 1478
3 7 846
3 5 811
3 6 968
3 2 1174
3 6 856
3 4 1231
3 5 833
3 5 661
3 1 726
3 6 995
3 6 754
3 1 815
3 4 845
3 4 876
3 11 636
3 3 995
3 10 636
3 2 1024
3 3 905
3 6 641
3 4 901
3 2 682
3 1 940
3 4 1089
3 10 935
3 3 1205
3 2 726
3 3 606
3 5 1025
3 2 1114
3 3 816
3 2 1025
3 5 666
3 4 787
3 8 1180
3 8 1178
3 5 970
3 5 1210
3 1 1089
3 10 791
3 9 1479
3 6 1209
3 2 696
3 8 816
3 6 875
3 3 1359
3 7 546
3 7 1174
3 8 896
3 3 940
3 2 1150
3 4 911
3 2 940
3 6 935
3 9 726
3 4 785
3 5 940
3 2 1329
3 1 786
3 8 851
3 6 1054
3 11 627
3 10 666
3 1 1476
3 10 746
3 3 1085
3 2 935
3 1 1554
3 5 726
3 5 875
3 2 1055
3 1 1504
3 6 845
3 8 965
3 4 1449
3 2 1329
3 4 1355
3 5 1085
3 3 995
3 6 665
3 9 843
3 5 970
3 6 1030
3 7 910
3 2 1115
3 1 1533
3 8 895
3 1 994
3 3 856
3 4 905
3 4 965
3 3 1021
3 10 786
3 4 876
3 6 1777
3 3 995
3 2 937
3 1 2077
3 8 940
3 2 1928
3 5 1122
3 8 811
3 3 933
3 1 1240
3 7 1030
3 3 841
3 9 911
3 2 1269
3 2 1000
3 2 730
3 6 880
3 7 876
3 6 726
3 1 581
3 5 1090
3 3 1060
3 11 553
3 5 850
3 3 730
3 2 546
3 3 977
3 4 935
3 5 776
3 5 755
3 4 1095
3 3 1025
3 10 701
3 1 1329
3 6 910
3 4 995
3 7 816
3 8 750
3 7 815
3 4 875
3 6 516
3 5 1055
3 4 906
3 1 1504
3 2 696
3 1 1115
3 4 784
3 9 725
3 6 1115
3 1 905
3 1 1809
3 5 943
3 3 995
3 7 696
3 7 940
3 1 1778
3 7 726
3 1 965
3 9 965
3 4 871
3 9 700
3 1 1030
3 8 850
3 6 696
3 7 941
3 2 820
3 2 1150
3 1 935
3 3 546
3 4 1295
3 4 791
3 3 1032
3 2 965
3 5 965
3 5 746
100 1 804
100 7 861
100 10 521
100 5 775
100 8 575
100 10 533
100 3 491
100 1 541
100 4 737
100 2 695
100 6 765
100 8 1044
100 1 647
100 6 533
100 1 527
100 3 827
100 4 688
100 3 720
100 9 445
100 8 648
100 1 580
100 4 570
100 2 765
100 5 915
100 5 489
100 9 510
100 4 644
100 4 523
100 7 510
100 4 593
100 8 664
100 2 302
100 5 1184
100 1 857
100 3 736
100 3 504
100 1 849
100 8 600
100 1 356
100 7 711
100 5 863
100 9 475
100 3 752
100 10 784
100 2 740
100 6 645
100 5 366
100 7 655
100 7 775
100 3 607
100 1 325
100 3 547
100 8 656
100 6 721
100 7 625
100 5 688
100 9 700
100 1 1254
100 3 415
100 10 488
100 1 659
100 5 484
100 6 721
100 4 620
100 6 526
100 4 1660
100 2 457
100 6 499
100 2 684
100 8 591
100 3 464
100 2 749
100 4 639
100 6 485
100 9 741
100 1 687
100 2 425
100 3 820
100 1 616
100 11 419
100 7 351
100 9 494
100 5 670
100 3 682
100 11 479
100 4 449
100 5 625
100 7 573
100 3 875
100 2 1043
100 2 615
100 5 517
100 5 640
100 4 725
100 8 730
100 5 763
100 7 576
100 4 662
100 5 616
100 6 738
100 6 480
100 2 899
100 4 629
100 2 823
100 2 830
100 3 830
100 9 620
100 3 771
100 2 1445
100 6 577
100 3 756
100 1 695
100 4 716
100 2 517
100 3 508
100 6 642
100 5 562
100 5 483
100 7 609
100 1 477
100 1 514
100 10 480
100 7 601
100 11 484
100 9 435
100 7 404
100 10 604
100 2 474
100 7 386
100 4 539
100 5 653
100 3 951
100 4 499
100 2 650
100 3 825
100 2 1122
100 5 435
100 1 1298
100 2 639
100 9 495
100 7 330
100 2 674
100 3 624
100 3 459
100 2 700
100 5 615
100 2 959
100 6 755
100 8 793
100 1 803
100 1 766
100 7 640
100 6 733
100 2 568
100 5 485
100 3 678
100 2 429
100 6 154
100 1 343
100 10 326
100 4 609
100 2 324
100 1 321
100 4 696
100 5 594
100 7 338
100 4 653
100 4 815
100 1 421
100 6 999
100 1 812
100 3 875
100 8 582
100 5 854
100 4 707
100 3 514
100 2 405
100 4 654
100 8 524
100 4 730
100 7 900
100 10 625
100 6 460
100 8 643
100 7 716
100 5 715
100 1 478
100 8 723
100 5 829
100 1 746
100 1 658
100 2 674
100 5 534
100 4 621
100 9 640
100 3 1124
100 4 600
100 8 526
100 7 527
100 6 606
100 4 990
100 5 864
100 9 652
100 11 511
100 6 420
100 9 645
100 6 757
7 9 1072
7 1 2544
7 4 1071
7 4 825
7 5 1035
7 7 936
7 10 705
7 2 1036
7 3 1055
7 10 553
7 8 584
7 4 1192
7 3 945
7 4 524
7 3 558
7 4 1222
7 6 680
7 8 1156
7 5 488
7 1 1041
7 1 1297
7 1 1277
7 5 886
7 6 1277
7 4 1524
7 5 1157
7 9 679
7 8 825
7 6 825
7 3 1072
7 2 1138
7 7 704
7 9 1041
7 8 807
7 3 494
7 9 1157
7 5 1355
7 2 1117
7 6 1283
7 4 1041
7 7 769
7 6 1218
7 5 1041
7 2 1510
7 3 1186
7 3 1523
7 2 734
7 4 921
7 8 853
7 2 765
7 1 2187
7 11 1010
7 8 775
7 3 800
7 6 825
7 1 2067
7 9 860
7 5 1011
7 4 886
7 6 765
7 10 976
7 7 916
7 3 1639
7 4 1329
7 2 1191
7 1 1670
7 2 1458
7 6 1011
7 1 755
7 1 1036
7 4 1006
7 9 644
7 5 885
7 3 1066
7 1 1885
7 6 1282
7 7 882
7 6 825
7 2 1037
7 4 1501
7 1 1850
7 5 1295
7 6 980
7 1 1213
7 7 958
7 1 1372
7 3 1036
7 3 1704
7 1 1614
7 1 1765
7 1 2062
7 5 1066
7 3 1563
7 6 1036
7 4 1161
7 3 1217
7 5 1070
7 2 1252
7 3 1131
7 10 855
7 4 986
7 5 886
7 11 709
7 2 1277
7 2 951
7 8 795
7 2 1127
7 2 1555
7 1 1790
7 4 945
7 7 1000
7 2 1548
7 2 1222
7 3 1066
7 4 650
7 2 1609
7 5 558
7 1 735
7 5 1724
7 6 1059
7 6 1162
7 6 1398
7 1 2096
7 1 1806
7 9 1735
7 2 1306
7 7 1212
7 5 1040
7 3 1101
7 2 1644
7 7 1252
7 6 1368
7 1 2849
7 4 1578
7 3 1618
7 7 1373
7 9 1041
7 4 1156
7 1 1760
7 8 1187
7 5 1096
7 3 1518
7 1 1518
7 2 1668
7 7 1433
7 4 1126
7 10 1614
7 4 1313
7 1 1583
7 7 1153
7 7 1183
7 1 1247
7 8 981
7 1 1705
7 1 2247
7 3 1362
7 1 2358
7 3 1729
7 5 1417
7 2 1670
7 8 890
7 1 1222
7 4 860
7 6 1229
7 10 915
7 8 1252
7 3 1579
7 1 2066
7 6 1277
7 6 1419
7 3 1156
7 8 1192
7 2 2036
7 1 2242
7 5 1368
7 5 1065
7 8 1216
7 8 975
7 1 2096
7 2 1868
7 9 1247
7 4 1126
7 2 1991
7 2 1885
7 1 1456
7 3 1941
7 6 1011
7 2 1463
7 6 1207
7 9 1067
7 6 979
7 11 975
7 4 1367
7 5 1066
7 2 739
7 3 921
7 4 674
7 3 1507
7 7 1126
7 5 1131
7 3 1636
7 1 1608
7 7 709
7 10 933
7 2 1522
7 5 888
7 4 936
7 5 704
7 3 1487
7 2 1898
7 4 1127
7 5 1247
7 2 1553
7 2 1299
7 4 1342
7 4 1187
7 2 1840
7 2 1614
7 1 1946
7 11 795
7 7 1107
7 1 1071
7 10 739
7 4 1162
7 6 1312
7 2 1825
7 5 1368
7 9 951
7 2 1875
7 4 1006
7 3 1494
7 6 1463
7 7 1247
7 5 1217
7 3 1609
7 4 1130
7 3 830
7 8 920
7 2 1373
7 3 1734
7 2 1547
7 5 1006
7 9 945
7 1 2096
7 3 1096
7 1 2001
7 1 2036
7 4 1368
5 1 1087
5 6 864
5 8 578
5 11 869
5 4 615
5 7 710
5 10 992
5 1 647
5 7 896
5 1 769
5 6 1055
5 11 902
5 9 865
5 5 1595
5 1 896
5 7 1480
5 2 801
5 3 643
5 3 929
5 2 642
5 7 1246
5 6 739
5 4 643
5 3 674
5 6 918
5 10 1119
5 3 1151
5 1 847
5 5 681
5 8 679
5 6 964
5 4 960
5 1 642
5 6 689
5 7 833
5 9 706
5 1 928
5 3 991
5 5 806
5 10 828
5 2 806
5 4 865
5 8 679
5 6 647
5 1 1214
5 9 769
5 6 774
5 4 870
5 4 997
5 5 789
5 3 616
5 2 992
5 5 769
5 2 967
5 2 1314
5 4 453
5 8 1219
5 5 1156
5 1 896
5 8 911
5 1 992
5 1 992
5 4 706
5 4 1055
5 4 1151
5 8 965
5 3 1436
5 5 833
5 2 737
5 2 1028
5 2 924
5 6 1028
5 3 1124
5 1 1188
5 9 1183
5 6 928
5 1 897
5 5 1060
5 9 992
5 3 708
5 5 929
5 7 1023
5 3 1373
5 4 1060
5 1 997
5 3 838
5 7 728
5 10 965
5 2 1092
5 3 1187
5 5 1563
5 2 1373
5 7 801
5 1 711
5 4 774
5 9 647
5 8 832
5 5 889
5 7 896
5 6 1029
5 4 574
5 2 1060
5 2 1823
5 5 1341
5 3 838
5 4 1119
5 7 1119
5 4 1214
5 8 1055
5 3 996
5 1 996
5 7 674
5 7 1087
5 3 674
5 3 928
5 4 865
5 6 1182
5 8 869
5 1 1251
5 9 642
5 2 1436
5 3 1373
5 5 1278
5 4 1277
5 5 907
5 5 901
5 6 1087
5 8 835
5 4 992
5 5 897
5 2 1214
5 3 1092
5 2 801
5 8 1246
5 4 1181
5 8 1271
5 3 933
5 4 738
5 4 864
5 5 595
5 3 1055
5 8 992
5 8 870
5 5 992
5 1 802
5 7 1175
5 11 770
5 6 833
5 3 1008
5 1 743
5 10 960
5 2 1058
5 4 865
5 5 833
5 10 617
5 1 838
5 1 1104
5 1 833
5 7 1283
5 4 865
5 6 960
5 8 1155
5 6 897
5 3 1214
5 7 1151
5 3 1532
5 6 919
5 3 1024
5 6 838
5 2 894
5 1 897
5 7 1092
5 1 1092
5 3 1473
5 1 1314
5 5 923
5 7 997
5 2 742
5 7 869
5 2 1124
5 9 803
5 1 736
5 2 982
5 6 1119
5 2 812
5 2 865
5 9 1083
5 6 828
5 3 933
5 9 860
5 7 710
5 6 881
5 5 869
5 6 1126
5 3 1034
5 9 965
5 2 1155
5 10 922
5 2 1119
5 4 897
5 5 732
5 4 909
5 5 743
5 7 901
5 9 944
5 6 959
5 4 1346
5 4 1182
5 1 1190
5 5 962
5 1 1124
5 2 770
5 3 674
5 1 547
5 4 801
5 11 896
5 4 1119
5 1 1118
5 1 928
5 1 928
5 5 610
5 5 896
5 10 706
13 4 957
13 1 1030
13 6 880
13 9 602
13 3 573
13 4 677
13 5 893
13 7 733
13 3 788
13 3 635
13 7 665
13 7 568
13 2 573
13 6 578
13 5 620
13 1 809
13 5 512
13 6 757
13 2 665
13 8 596
13 2 880
13 8 731
13 3 1064
13 8 1037
13 10 578
13 3 542
13 5 727
13 7 476
13 3 778
13 5 972
13 7 849
13 2 726
13 1 1063
13 6 731
13 5 854
13 6 1253
13 7 788
13 1 635
13 7 824
13 9 700
13 5 603
13 9 677
13 6 633
13 5 757
13 4 823
13 4 670
13 3 1284
13 5 603
13 4 762
13 2 670
13 9 542
13 6 972
13 2 1402
13 2 542
13 1 1064
13 3 756
13 9 879
13 2 665
13 8 777
13 4 665
13 1 1433
13 2 573
13 4 634
13 4 731
13 2 850
13 2 911
13 4 1116
13 10 634
13 10 1033
13 2 788
13 11 542
13 5 664
13 5 1033
13 8 629
13 3 1156
13 7 849
13 1 1057
13 3 1284
13 1 578
13 3 604
13 6 635
13 1 1371
13 4 849
13 3 938
13 6 757
13 2 1008
13 1 548
13 6 788
13 11 686
13 2 1616
13 10 573
13 2 1187
13 9 696
13 6 512
13 5 1253
13 3 916
13 2 823
13 5 824
13 3 1376
13 7 543
13 1 1235
13 8 911
13 8 788
13 1 1064
13 1 1248
13 5 788
13 4 787
13 7 696
13 1 788
13 4 819
13 1 1064
13 3 910
13 4 819
13 1 1279
13 3 1396
13 2 1340
13 8 695
13 4 758
13 5 972
13 1 972
13 2 1187
13 5 787
13 5 1095
13 2 993
13 6 1034
13 8 849
13 4 915
13 4 848
13 1 670
13 4 793
13 1 2297
13 1 1586
13 7 941
13 1 915
13 7 793
13 3 854
13 7 824
13 5 972
13 8 801
13 11 604
13 7 880
13 4 538
13 3 665
13 2 696
13 2 977
13 5 824
13 7 793
13 6 1069
13 8 787
13 4 757
13 5 757
13 5 726
13 7 665
13 4 911
13 9 647
13 6 972
13 1 1248
13 10 634
13 3 854
13 4 872
13 2 793
13 5 1069
13 4 787
13 7 884
13 6 793
13 5 757
13 11 604
13 3 870
13 3 1279
13 4 879
13 5 1159
13 2 787
13 6 634
13 2 1002
13 8 818
13 3 849
13 3 880
13 1 1279
13 4 801
13 7 818
13 3 824
13 6 576
13 4 854
13 2 884
13 1 851
13 2 762
13 3 757
13 9 665
13 9 1279
13 2 1279
13 1 1369
13 3 1095
13 4 1064
13 3 1126
13 2 1438
13 9 731
13 6 762
13 2 1068
13 3 855
13 6 696
13 2 1034
13 5 800
13 1 1217
13 1 1187
13 10 665
13 8 757
13 7 665
13 2 572
13 2 1094
13 1 1064
13 1 879
13 4 1095
13 1 787
13 1 2870
13 3 880
13 2 971
13 5 757
13 9 850
13 1 727
13 5 823
13 1 1069
13 6 873
13 6 792
13 2 1744
13 1 977
13 2 853
13 1 670
13 3 701
13 6 879
13 8 1033
13 3 1125
13 3 696
13 10 634
13 3 1033
13 8 757
13 5 818
13 7 787
13 9 665
13 10 604
13 1 818
13 6 1095
13 4 819
13 4 879
13 8 880
12 1 1147
12 2 1055
12 8 782
12 8 794
12 2 813
12 9 934
12 8 858
12 6 686
12 7 863
12 6 594
12 6 747
12 5 655
12 4 777
12 2 832
12 3 594
12 4 833
12 3 716
12 1 564
12 1 1385
12 5 594
12 4 899
12 4 989
12 2 777
12 3 746
12 6 655
12 8 716
12 1 721
12 5 781
12 7 612
12 6 1025
12 1 559
12 1 959
12 1 965
12 7 711
12 3 782
12 7 868
12 2 903
12 2 1361
12 4 898
12 3 1050
12 1 1371
12 2 1203
12 1 1507
12 1 838
12 4 716
12 3 990
12 9 655
12 4 838
12 3 777
12 7 716
12 3 990
12 3 685
12 5 990
12 4 837
12 5 686
12 9 746
12 8 685
12 6 716
12 6 1045
12 7 746
12 4 965
12 4 782
12 11 557
12 10 610
12 2 832
12 4 686
12 2 590
12 6 595
12 10 655
12 1 1051
12 2 616
12 1 1081
12 4 1051
12 6 989
12 3 807
12 5 819
12 10 654
12 5 654
12 4 899
12 4 929
12 5 625
12 6 776
12 7 563
12 3 838
12 7 625
12 3 660
12 2 599
12 5 959
12 3 777
12 3 746
12 6 716
12 4 777
12 3 990
12 3 1203
12 2 838
12 1 990
12 2 1120
12 2 825
12 9 873
12 1 976
12 11 564
12 8 990
12 7 534
12 2 533
12 7 1173
12 1 1208
12 2 934
12 1 1081
12 8 837
12 5 990
12 2 929
12 1 782
12 4 1422
12 2 1234
12 3 1289
12 5 929
12 5 995
12 1 1538
12 8 747
12 3 1391
12 5 1082
12 4 594
12 4 1002
12 5 898
12 7 1086
12 2 691
12 9 656
12 2 990
12 6 868
12 4 929
12 2 1325
12 2 1086
12 4 990
12 9 1112
12 2 1051
12 8 807
12 5 801
12 1 1238
12 7 929
12 3 1025
12 1 660
12 5 955
12 3 751
12 3 751
12 1 2000
12 7 1020
12 6 660
12 2 1198
12 5 655
12 5 959
12 1 1441
12 10 611
12 2 746
12 6 564
12 7 995
12 2 1056
12 2 1239
12 7 772
12 8 838
12 2 782
12 7 630
12 1 716
12 10 625
12 8 838
12 1 1786
12 1 1239
12 9 903
12 6 1056
12 11 823
12 2 1660
12 8 1021
12 7 1082
12 6 837
12 7 614
12 2 1355
12 8 747
12 2 747
12 4 807
12 4 919
12 4 1051
12 2 959
12 2 1766
12 6 812
12 11 782
12 1 1147
12 6 959
12 3 1416
12 6 960
12 9 989
12 8 747
12 4 767
12 4 1082
12 1 1264
12 5 1133
12 3 716
12 2 1269
12 2 808
12 3 990
12 10 593
12 2 564
12 7 777
12 1 1233
12 1 1847
12 5 812
12 3 1178
12 8 904
12 1 1055
12 6 843
12 5 842
12 9 782
12 7 782
12 4 843
12 4 873
12 10 751
12 6 838
12 5 716
12 1 2304
12 8 842
12 3 982
12 1 1786
12 4 777
12 1 716
12 6 1087
12 3 1050
12 6 899
12 1 1051
12 3 990
12 5 1086
12 3 502
12 1 1513
12 3 838
12 5 715
12 3 898
12 5 771
12 1 837
12 5 1021
12 3 1238
12 3 1116
12 4 873
12 2 646
12 4 959
12 9 966
12 4 990
11 4 848
11 4 661
11 1 863
11 2 624
11 8 890
11 5 729
11 3 822
11 5 978
11 5 1010
11 4 916
11 3 710
11 10 666
11 3 822
11 6 885
11 5 598
11 2 660
11 10 786
11 5 1041
11 1 1129
11 5 755
11 4 1005
11 3 755
11 4 817
11 6 1089
11 5 786
11 10 694
11 1 1036
11 2 822
11 5 823
11 5 854
11 4 629
11 8 786
11 2 2794
11 4 1037
11 6 911
11 11 723
11 1 2226
11 6 880
11 1 661
11 3 1036
11 3 629
11 1 1287
11 11 766
11 1 1884
11 2 911
11 2 836
11 7 1005
11 6 598
11 7 697
11 2 540
11 4 697
11 6 916
11 1 723
11 5 880
11 4 1098
11 9 723
11 7 782
11 1 1075
11 3 1000
11 3 853
11 5 791
11 8 692
11 1 1599
11 2 815
11 3 1197
11 6 697
11 2 1167
11 8 598
11 2 1005
11 9 786
11 8 849
11 4 848
11 3 653
11 4 942
11 5 634
11 1 1200
11 6 854
11 2 1605
11 4 854
11 1 844
11 3 1136
11 4 1094
11 1 1198
11 2 1448
11 2 1448
11 3 1087
11 1 1929
11 6 943
11 2 884
11 7 750
11 6 759
11 6 648
11 3 822
11 7 728
11 7 820
11 5 682
11 8 692
11 5 911
11 2 880
11 9 682
11 3 943
11 8 723
11 7 660
11 9 817
11 3 723
11 6 1162
11 2 848
11 7 786
11 1 692
11 9 777
11 9 755
11 8 884
11 7 979
11 2 1157
11 10 634
11 4 697
11 3 885
11 1 781
11 2 704
11 1 822
11 7 916
11 5 790
11 1 789
11 3 916
11 2 1324
11 3 854
11 7 884
11 7 1042
11 3 822
11 3 974
11 6 849
11 5 752
11 2 1068
11 6 911
11 4 1036
11 3 734
11 2 775
11 3 974
11 8 880
11 4 942
11 6 885
11 5 719
11 10 760
11 1 1229
11 2 1506
11 2 917
11 7 728
11 7 853
11 6 786
11 1 1385
11 5 692
11 7 755
11 2 911
11 5 691
11 8 974
11 4 724
11 3 1005
11 1 692
11 4 1068
11 8 979
11 8 778
11 9 666
11 4 791
11 5 660
11 3 697
11 4 854
11 2 572
11 1 598
11 4 692
11 1 848
11 3 566
11 7 786
11 6 943
11 3 1098
11 1 1287
11 1 723
11 2 942
11 2 598
11 4 854
11 8 947
11 2 603
11 5 810
11 8 535
11 5 723
11 5 813
11 3 885
11 6 635
11 9 634
11 1 1036
11 8 911
11 1 755
11 1 1161
11 6 723
11 7 880
11 4 785
11 6 880
11 3 916
11 10 786
11 3 1073
11 9 791
11 6 760
11 1 1313
11 3 885
11 2 729
11 7 824
11 5 1412
11 9 660
11 3 849
11 4 880
11 6 817
11 11 660
11 2 818
11 7 817
11 3 973
11 4 817
11 4 848
11 1 1803
11 4 911
11 5 910
11 4 603
11 10 697
11 2 850
11 1 724
11 3 692
11 1 1099
11 4 911
11 2 848
11 1 755
11 7 911
11 9 816
11 2 1130
11 10 849
11 5 756
11 5 887
11 5 854
11 4 755
11 1 629
11 6 817
11 1 911
11 6 1005
11 9 723
11 8 817
11 3 817
10 2 1135
10 3 630
10 6 867
10 9 519
10 9 714
10 6 1149
10 1 952
10 5 736
10 6 1159
10 2 1337
10 5 972
10 1 1868
10 3 1065
10 4 833
10 9 863
10 6 833
10 2 1277
10 5 833
10 3 951
10 2 655
10 3 981
10 3 774
10 5 773
10 8 897
10 9 809
10 8 926
10 3 1016
10 1 1371
10 4 719
10 10 536
10 9 773
10 4 833
10 7 773
10 6 595
10 1 507
10 3 1040
10 1 1100
10 10 735
10 1 897
10 7 571
10 4 957
10 6 631
10 10 512
10 4 1253
10 2 922
10 2 888
10 5 719
10 1 1194
10 1 1016
10 8 927
10 7 720
10 1 897
10 1 690
10 7 863
10 3 838
10 4 685
10 6 744
10 3 596
10 7 1179
10 7 774
10 1 1278
10 3 684
10 8 659
10 2 957
10 5 566
10 5 1308
10 8 744
10 5 684
10 2 1070
10 7 804
10 5 922
10 4 1157
10 10 803
10 2 744
10 1 1040
10 5 952
10 3 950
10 2 833
10 2 1100
10 8 892
10 8 803
10 3 833
10 6 946
10 4 773
10 1 566
10 1 626
10 2 685
10 4 591
10 2 625
10 5 744
10 1 744
10 5 952
10 4 833
10 3 477
10 2 685
10 1 714
10 11 659
10 2 541
10 7 986
10 4 1235
10 4 793
10 8 863
10 2 504
10 4 240
10 3 506
10 5 210
10 9 774
10 7 749
10 5 748
10 2 749
10 3 1007
10 11 616
10 3 833
10 6 779
10 6 631
10 3 794
10 7 892
10 1 2647
10 4 833
10 8 726
10 3 715
10 3 567
10 1 452
10 2 654
10 7 595
10 2 659
10 8 537
10 5 1066
10 11 571
10 8 749
10 3 778
10 1 718
10 4 571
10 4 809
10 10 893
10 3 1248
10 9 685
10 7 541
10 5 566
10 5 832
10 1 744
10 2 2104
10 5 1668
10 6 744
10 2 2795
10 6 595
10 5 660
10 1 626
10 5 1071
10 8 616
10 2 506
10 1 774
10 2 892
10 3 981
10 11 808
10 7 956
10 5 838
10 9 566
10 7 862
10 4 803
10 1 630
10 3 803
10 8 744
10 6 1283
10 4 719
10 7 863
10 6 482
10 6 803
10 2 1010
10 10 507
10 9 443
10 6 363
10 2 1253
10 10 566
10 1 418
10 3 925
10 6 898
10 1 1266
10 1 600
10 5 808
10 6 601
10 6 1011
10 6 685
10 1 1956
10 5 719
10 3 596
10 1 778
10 2 571
10 3 887
10 9 862
10 4 685
10 3 689
10 5 542
10 4 714
10 4 833
10 3 863
10 2 596
10 1 626
10 4 981
10 2 1277
10 2 1011
10 2 1164
10 4 809
10 4 927
10 3 744
10 3 1164
10 3 418
10 2 1425
10 3 595
10 8 1038
10 4 566
10 5 1223
10 7 630
10 5 477
10 1 388
10 4 710
10 8 626
10 10 596
10 8 690
10 9 737
10 7 1134
10 9 690
10 4 690
10 3 1401
10 7 531
10 6 922
10 2 803
10 7 536
10 5 986
8 4 868
8 4 929
8 1 1354
8 2 677
8 8 925
8 4 955
8 5 646
8 3 583
8 5 707
8 5 677
8 4 1022
8 3 806
8 10 589
8 3 650
8 6 801
8 5 676
8 2 738
8 10 615
8 3 894
8 5 894
8 1 977
8 5 894
8 4 584
8 3 986
8 4 1173
8 6 800
8 5 707
8 10 604
8 1 1141
8 2 1017
8 5 805
8 5 695
8 4 837
8 8 526
8 2 698
8 4 621
8 6 1203
8 11 677
8 1 552
8 1 1271
8 3 1168
8 1 2470
8 11 775
8 1 2294
8 2 1092
8 2 894
8 7 1328
8 6 646
8 7 956
8 2 1426
8 4 1359
8 6 832
8 1 1358
8 2 1607
8 4 1064
8 5 770
8 4 584
8 9 521
8 7 650
8 1 620
8 3 645
8 1 800
8 5 707
8 3 1053
8 8 774
8 1 997
8 2 1049
8 3 1229
8 6 862
8 2 956
8 8 615
8 2 1129
8 9 645
8 8 832
8 4 1353
8 3 583
8 4 650
8 5 558
8 1 584
8 6 565
8 2 946
8 4 1111
8 1 553
8 3 1053
8 4 1084
8 1 805
8 2 551
8 3 1473
8 1 675
8 6 615
8 2 739
8 7 937
8 6 743
8 6 836
8 3 858
8 7 713
8 7 553
8 5 925
8 8 604
8 5 645
8 2 1164
8 9 708
8 3 827
8 1 1101
8 8 645
8 7 667
8 9 689
8 3 1167
8 6 1204
8 2 739
8 7 584
8 1 1234
8 9 822
8 9 619
8 8 805
8 1 1106
8 7 645
8 10 1110
8 1 1855
8 4 1705
8 3 1080
8 1 1544
8 2 801
8 1 1000
8 7 925
8 5 721
8 1 677
8 3 782
8 2 583
8 3 863
8 7 522
8 7 805
8 3 774
8 2 1085
8 6 1054
8 5 738
8 2 645
8 6 801
8 4 836
8 3 707
8 2 707
8 3 708
8 8 1266
8 4 738
8 1 1831
8 6 832
8 5 1111
8 10 588
8 1 1302
8 2 1115
8 2 930
8 7 577
8 7 862
8 6 627
8 5 800
8 7 770
8 2 801
8 5 1048
8 8 863
8 4 1129
8 3 899
8 1 1394
8 4 837
8 8 682
8 8 801
8 9 676
8 4 615
8 5 925
8 3 1110
8 4 801
8 2 584
8 1 552
8 4 774
8 3 1017
8 7 834
8 6 1111
8 3 1185
8 2 1606
8 1 1638
8 2 2053
8 2 1903
8 4 1036
8 8 956
8 2 1457
8 5 920
8 8 822
8 5 614
8 5 1142
8 3 1885
8 6 987
8 9 646
8 1 1420
8 8 791
8 1 1544
8 6 583
8 1 1017
8 7 1173
8 4 1070
8 6 1049
8 3 863
8 2 645
8 10 552
8 1 894
8 3 1575
8 9 676
8 6 919
8 1 2697
8 3 1638
8 2 894
8 1 1420
8 7 1048
8 5 584
8 9 1079
8 3 1172
8 4 738
8 6 898
8 11 681
8 2 1550
8 3 739
8 4 1266
8 4 1079
8 11 645
8 1 2289
8 4 1080
8 5 991
8 4 583
8 10 553
8 1 1482
8 3 625
8 1 1049
8 4 1297
8 2 702
8 1 552
8 7 774
8 9 930
8 2 1239
8 10 613
8 5 801
8 5 584
8 5 708
8 4 521
8 6 868
8 1 1302
8 6 712
8 9 1023
8 8 650
8 3 806
